id,rmsf
1,11.678765296936035
2,9.94610595703125
3,8.515156745910645
4,7.542702674865723
5,7.448548793792725
6,8.538386344909668
7,8.649633407592773
8,7.241836071014404
9,7.247161388397217
10,8.6943941116333
11,8.403928756713867
12,7.376954555511475
13,8.603778839111328
14,9.792341232299805
15,9.081135749816895
16,8.891166687011719
17,7.884799957275391
18,8.052135467529297
19,9.477907180786133
20,9.349466323852539
21,9.982051849365234
22,9.200902938842773
23,7.270839691162109
24,7.24125337600708
25,6.4870991706848145
26,6.0519118309021
27,5.469315528869629
28,5.1753058433532715
29,5.513400077819824
30,5.584951877593994
31,5.146834373474121
32,5.791092395782471
33,6.529269695281982
34,6.882460117340088
35,7.092536926269531
36,8.359521865844727
37,9.013596534729004
38,10.862659454345703
39,11.373979568481445
40,11.76020622253418
41,11.220468521118164
42,9.511189460754395
43,9.773568153381348
44,8.28925895690918
45,9.360516548156738
46,8.758356094360352
47,10.32667064666748
48,11.886601448059082
49,12.417668342590332
50,11.41995620727539
51,10.909551620483398
52,9.588512420654297
53,9.380515098571777
54,8.172232627868652
55,7.168952941894531
56,6.1993632316589355
57,6.1139092445373535
58,6.809922218322754
59,7.092869281768799
60,8.059530258178711
61,8.339191436767578
62,7.840940952301025
63,7.161380290985107
64,7.647392272949219
65,9.283418655395508
66,10.340578079223633
67,12.175765991210938
68,13.230712890625
69,12.926578521728516
70,12.71400260925293
71,11.499815940856934
72,10.666528701782227
73,10.127574920654297
74,8.376002311706543
75,8.24213981628418
76,9.011107444763184
77,10.687934875488281
78,10.63980484008789
79,10.107030868530273
80,8.49246597290039
81,10.1299467086792
82,10.4358491897583
83,8.256771087646484
84,7.621706008911133
85,9.084505081176758
86,9.709638595581055
87,9.4498872756958
88,8.236095428466797
89,8.724766731262207
90,8.565848350524902
91,7.140194892883301
92,6.772008419036865
93,7.658695697784424
94,7.129156112670898
95,5.964338779449463
96,6.60738468170166
97,7.574831485748291
98,7.126528739929199
99,6.514025688171387
100,6.997603416442871
101,8.116231918334961
102,8.241379737854004
103,7.761449813842773
104,7.379017353057861
105,8.30528736114502
106,8.68200397491455
107,7.5647358894348145
108,6.441107273101807
109,6.873392105102539
110,6.176972389221191
111,6.4169697761535645
112,7.634741306304932
113,7.8078837394714355
114,6.918968200683594
115,6.607301235198975
116,7.2214860916137695
117,6.970285892486572
118,7.349633693695068
119,7.221407890319824
120,6.917677879333496
121,8.081733703613281
122,8.424090385437012
123,7.629095554351807
124,7.073147773742676
125,7.900791168212891
126,8.88235855102539
127,9.074127197265625
128,9.438191413879395
129,9.18282699584961
